$ANSIBLE_VAULT;1.1;AES256
63643630363762313566363731326431393738343663376530316562616339613335336631346236
3334373165613365373161326263313462353561306534320a656633393966303537363632653264
62383739383432623534303233343566333434616661393539313062613737376662613037326663
3235356461636439350a633238303962396666666565666633346261336266356364663730656339
63613235666438626632663637653630356634353639356539653630393934386465323536363639
33626632393362643037633862623164363861356463613066653433336236383963356364633330
36626337303233383533393461623761653763396330366632356562373938306137303365623563
63383865343361613965356631396662646230346562306336323461666135336565373030653434
32623437346664373139313266643666346262373936383630633965633139323433653866656432
66333634313761646436636363373364346132376564653564313735313036343534366163326337
34373061663761303663336434353932306339633261653161313631353036663862386264326630
35313765363161633762376664653033323831653333353939653064336432316231666330313033
35356235363431353332363638376330306163393636656665373333636430303865363535663135
39663637306262396137323931643163373663656465336563376462356336636334663130383139
64633538656237386637373836643235396161303531373135613764316330343132396239323539
66306161303739643536666465303832366236663262323263386232336233626232356632376339
34646464313933316435363966363564313862313236623835323433663439666632356363373035
66653733376166333335303739366463313138626334623039393430323130343862343465613937
36663166653137346432623336643830323332386636316539366364353862386534386335626466
39356232326638363465393538646265633965326236656539616265326236343765666262633039
31656161383335386134306134356462366137366636353866343266336563333762323162333466
37666562633030303464343536336230316163386566316339313538663438616330626364323163
38303661353039333738353265353264343061393930356336623539313633333934663162613066
64376365626464656666
